-87,47 -89,20 85,42 -60,08 -88,39 -17,95 97,00 22,52 -91,38 -22,67 94,95 -3,66 -23,73 47,01 -61,92 49,32 6,92 -50,97 63,49 -78,66
32,12 54,84 44,39 22,16 11,16 -61,00 95,83 -22,75 -95,95 -74,48 45,16 93,56 81,93 -15,25 93,60 -30,81 -35,01 -23,77 54,37 -5,74
31,96 87,19 -3,31 -58,37 -10,35 57,78 64,13 -29,72 -37,11 77,59 16,09 47,01 -96,94 64,11 2,38 72,70 -81,42 -41,28 -60,53 44,26
-80,86 46,71 50,63 -60,68 43,08 58,20 61,49 99,20 42,41 -28,21 92,00 48,08 4,56 72,24 0,13 56,36 -37,39 -86,91 19,76 -53,48
55,27 44,10 63,87 2,63 -89,02 62,46 -85,16 -5,54 -95,20 -43,25 65,98 -52,16 -40,04 -15,87 -86,35 -90,89 -7,04 38,86 27,67 -44,83
-89,41 60,18 43,05 -78,37 86,57 -69,43 16,85 33,58 46,65 43,27 -78,16 7,58 -9,92 -99,53 -97,08 48,05 83,83 -27,37 49,97 -12,15
-20,52 -99,21 -82,95 -13,51 16,34 71,28 23,24 48,29 -76,49 -88,36 57,50 36,86 32,46 94,85 -10,26 -44,07 -46,69 93,58 -97,19 -30,53
-7,46 72,58 -11,30 -9,81 -92,18 -85,57 -56,44 85,38 -91,24 -75,63 63,48 54,55 -57,04 65,93 50,43 92,25 53,85 93,57 -3,69 33,89
-6,95 -58,81 -3,50 38,49 77,36 15,67 -39,94 56,54 93,02 -42,39 40,38 1,21 -94,64 -88,11 30,33 -65,54 32,14 52,82 -3,98 13,92
94,01 -78,28 -90,47 -17,86 61,90 -34,87 -63,31 -39,85 50,66 -73,81 -45,86 23,21 29,41 12,91 -1,72 33,25 77,81 -84,51 47,30 59,56
-62,46 55,71 0,04 -91,42 -73,54 22,69 -44,51 83,14 -28,20 -80,26 -9,35 -68,44 36,69 49,20 -48,63 25,79 -64,55 67,91 -38,29 15,95
-43,64 -58,96 -75,58 -79,87 6,76 43,22 -59,80 -39,81 38,42 -52,43 -63,71 -13,25 -84,84 -53,77 -49,97 40,79 97,95 -56,54 5,56 37,88
-32,79 -21,05 94,40 16,35 8,27 -15,95 -27,93 37,98 -48,88 72,43 -71,30 -91,12 -45,67 -73,33 -45,92 31,11 -67,91 -77,66 -48,75 73,73
82,95 64,64 -72,50 24,01 9,62 14,10 88,66 -2,89 85,25 19,10 68,99 91,99 -25,31 -17,90 -15,96 -69,72 -84,87 -17,91 -88,98 49,15
-1,73 -75,51 14,09 46,48 -45,66 -94,15 35,50 -61,51 -88,10 96,63 -87,17 40,56 -78,00 12,36 -19,43 -32,43 -11,84 77,80 91,56 -42,37
-74,84 24,14 2,60 -56,93 -58,30 -84,02 -33,98 38,86 38,60 87,73 41,03 27,35 -8,37 75,12 -51,94 -55,15 10,67 71,80 60,83 33,82
-67,66 -66,18 23,04 7,31 83,74 -62,63 -20,42 66,34 37,87 82,19 -68,91 40,83 -36,30 -89,63 90,65 -75,85 32,55 -90,18 63,37 56,44
49,58 -77,70 -12,78 -11,12 -14,72 -19,93 93,55 61,24 95,06 64,27 35,85 3,69 45,71 -92,17 -40,59 27,94 -35,27 -87,98 -56,55 64,02
-68,73 70,90 43,24 0,10 -30,46 -37,50 -87,04 -47,99 -95,85 -73,18 -25,10 53,67 30,85 36,98 -73,79 -90,33 -7,93 -23,98 -43,31 10,03
-11,08 -32,36 -39,86 68,13 31,48 84,80 56,29 80,33 -58,18 -44,16 9,88 -65,71 -69,65 43,69 -70,98 -84,79 73,70 18,02 -69,57 -24,32